251 139
00000000000000000000000000000000000000000000000000000000000000000001000000000000000000000000000000000000000000000000000000000000000000000000000000000000000000000000000000000000000000000000000000000000000000000000000000000000000000000000000000000000000
000000000000000000000000000000000000000000000000000000000000000000111111000000000000000000000000000000000000000000000000000000000000000000000000000000000000000000000000000000000000000000000000000000000000000000000000000000000000000000000000000000000000
00000000000000000000000000000000000000000000000000000000000000000011111111000000000000000000000000000000000000000000000000000000000000000000000000000000000000000000000000000000000000000000000000000000000000000000000000000000000000000000000000000000000
000000000000000000000000000000000000000000000011111110000000000011111111111000000000000000000000000000000000000000000000000000000000000000000000000000000000000000000000000000000000000000000000000000000000000000000000000000000000000000000000000000000000
00000000000000000000000000000000000000000000011111111110000000001111111111110000000000000000000000000000000000000000000000000000000000000000000000000000000000000000000000000000000000000000000000000000000000000000000000000000000000000000000000000000000
000000000000000000000000000000000000000000001011111111110000000011111111111110000000000000000000000000000000000000000000000000000000000000000000000000000000000000000000000000000000000000000000000000000000000000000000000000000000000000000000000000000000
00000000000000000000000000000000000000000000111111111111100000101111111111111000000000000000000000000000000000000000000000000000000000000000000000000000000000000000000000000000000000000000000000000000000000000000000000000000000000000000000000000000000
000000000000000000000000000000000000000000001111111111111000000101111111110000000000000000000000000000000000000000000000000000000000000000000000000000000000000000000000000000000000000000000000000000000000000000000000000000000000000000000000000000000000
00000000000000000000000000000000000000000001111111111111101111111111111111110100000000000000000000000000000000000000000000000000000000000000000000000000000000000000000000000000000000000000000000000000000000000000000000000000000000000000000000000000000
000000000000000000000000000000000000000000011111111111110011111111111111111111100110000000000000000000000000000000000000000000000000000000000000000000000000000000000000000000000000000000000000000000000000000000000000000000000000000000000000000000000000
00000000000000000000000000000000000000000000111111111111101111111111111111111110111100000000000000000000000000000000000000000000000000000000000000000000000000000000000000000000000000000000000000000000000000000000000000000000000000000000000000000000000
000000000000000000000000000000000000000000010111111111111011111111111111111111111111100000000000000000000000000000000000000000000000000000010000000000000000000000000000000000000000000000000000000000000000000000000000000000000000000000000000000000000000
00000000000000000000000000000000000000000001111111111111101111111111111111111111111100000000000000000000000000000000000000000000000000000001100000000000000000000000000000000000000000000000000000000000000000000000000000000000000000000000000000000000000
000000000000000000000000000000000000000000011101111111111011111111111111111111111111000000000000000000000000000000011100000000000000000000011100000000000000000000000000000000000000000000000000000000000000000000000000000000000000000000000000000000000000
00000000000000000000000000000000000000000001111000111111101111111111111111111111111100000000000000000011100000000000110000000000000000000001110000000000000000000000000000000000000000000000000000000000000000000000000000000000000000000000000000000000000
000000000000000000000000000000000000000000011111011111111011111111111111111111111111000000000000000000111110000000000100000000000000000000001110000000000000000000000000000000000000000000000000000000000000000000000000000000000000000000000000000000000000
00000000000000000000000000000000000000000000111111111111100111111111111111111111111100000000000000010101111000000000000000000000000000000000111100000000000000000000000000000000000000000000000000000000000000000000000000000000000000000000000000000000000
000000000000000000000000000000000000000000000111111111111000111111111111111111111111000000000000000111111110000000000000000000000000000000000111100000000000000000000000000000000000000000000000000000000000000000000000000000000000000000000000000000000000
00000000000000000000000000000000000000001100001111011111000011111111111111111111111110000000000000001111100000000000000000000000000000000000001110100000000000000000000000000000000000000000000000000000000000000000000000000000000000000000000000000000000
000000000000000000000000000000000000000001100001110111110001111111111111111111111111100000000000000011111100000000000000000000000000000000000000111100000000000000000000000000000000000000000000000000000000000000000000000000000000000000000000000000000000
00000000000000000000000000000000000000110011010111011111100111111111111111111111111110000000000000000111100000000000000000000000000000000000000000111000000000000000000000000000000000000000000000000000000000000000000000000000000000000000000000000000000
000000000000000000000000000000000000000000011010011111111011111111111111111111111111110000000000000000111111000000000000000000000000000000000000000110000000000000000000000000000000000000000000000000000000000000000000000000000000000000000000000000000000
00000000000000000000000000000000000000010000011000011111100111111111111111111111111111000000000000000001110110000000000000000000000000000000000000000000000000000000000000000000000000000000000000000000000000000000000000000000000000000000000000000000000
000000000000000000000000000000000000010110000000100011111000011111111111111111111111111000000000000000001100100000000000000000000000000000000000000001000000000000000000000000000000000000000000000000000000000000000000000000000000000000000000000000000000
00000000000000000000000000000000000011000000000000001111100000111111111111111111111111110000000000000000110000000000000000000000000000000000000000000110000000000000000000000000000000000000000000000000000000000000000000000000000000000000000000000000000
000000000000000000000000000000000000111000000000110011111100001111111111111111111111111100000000000000000010000000000000000000000000100000000000000001110000000000000000000000000000000000000000000000000000000000000000000000000000000000000000000000000000
00000000000000000000000000000000000011010010000101110111110000011111111111111111111111110000000000000000000000000000000000000000001110000000000000001111111100000000000000000000000000000000000000000000000000000000000000000000000000000000000000000000000
000000000000000000000000000000000000110111011001100110000000000000001111111111111111111110000000000000000000000000000000000000000111100000000000001111111111100000000000011000000000000000000000000000000000000000000000000000000000000000000000000000000000
00000000000000000000000000000000000000011111100111001100110000000000011111111111111111111000000000000000000000000000000000000000011100000000000001111111111110000000000001111000000000000000000000000000000000000000000000000000000000000000000000000000000
000000000000000000000000000000000000000011111100110101111110000000000011111111111111111111000000000000000000000000000000000000001110000000000000111111111111110000000000001111110000000000000000000000000000000000000000000000000000000000000000000000000000
00000000000000000000000000000000000000000011000000010111111100000000000111111111111111111100000000000000000000000000000000000000011000000000000011111111111110000000000000010001100000000000000000000000000000000000000000000000000000000000000000000000000
000000000000000000000000000000000000011000000000000000001000000000000000111111111111111111100000000000000000000000000000000000000110000000000000011111111111100000000000000000000000000000000000000000000000000000000000000000000000000000000000000000000000
00000000000000000000000000000000000000111100000000000110000000000000000011111111111111111110000000000000000000000000000000000000011000000000000001111111111111100000000000000000000000000000000000000000000000000000000000000000000000000000000000000000000
000000000000000000000000000000000000001111100001101101101111011000000000011111111111111111100000000000000000000000000000000000000110000000000001111111111111111111001110000001100000000000000000000000000000000000000000000000000000000000000000000000000000
00000000000000000000000000000000000000111111100110011110110111110000000000111111111111111110000000000000000000000000000000000000011000000110100111111111111111111111111100000000000000000000000000000000000000000000000000000000000000000000000000000000000
000000000000000000000000000000000000000111111110100111100111110100000000000111111111111111010000000000000000000000000000000000000110000000110000111111111111111111111111100000111100000000000000000000000000000000000000000000000000000000000000000000000000
00000000000000000000000000000000000000011101111111001100011111111000000000011111111111111111000000000000000000000000000000000000011100000011011111111111111111111111111110100011111100000000000000000000000000000000000000000000000000000000000000000000000
000000000000000000000000000000000000000001101111111001011011111111100000000011111111111111111000000000000000000000000000000000000011000000111111111111111111111111111111110111111111100000000000000110000000000000000000000000000000000000000000000000000000
00000000000000000000000111100000000000000000111111100001100111111111000000001011111111111111100000000000000000000000111100000000000111000011101111111111111111111111111111111111111111111000000000011000000000000000000000000000000000000000000000000000000
000000000000000000000011111111000000000101000001111110001100111111111100000001111111111111110000000000000000000000000111100000000000000000011111111111111111111111111111111111111111111111000000000000000000000000000000000000000000000000000000000000000000
00000000000000000000001111111111110000111111001111111101011000100011111000000111111111111111100000000000000000000001111111000000000000001101110111111111111111111111111111111111111111111111101011110000000000000000000000000000000000000000000000000000000
000000000000000000000011111111111111111111111100111011011011101110011111000000001111111111111000000000000000000000011111111110000000000001101111111111111111111111111111111111111111111111111111011111000000000000000000000000000000000000000000000000000000
00000000000000000000011111111111111111111111111110011000101111111000111100000001111111111111000000000000000000000011111111111100100001111111111111111111111111111111111111111111111111111111111111111110000000000000000000000000000000000000000000000000000
000000000000000000000001111111111111111111111111101011100111110110011111110000001111111111000000000000000000000000111111111111100110111111111111011111111111111111111111111111111111111111111111111111110000000000000000000000000000000000000000000000000000
00000000000000000000000011111111111111111111111111111111111111111100101111100000111111111100000000000000000000000011111111111111011011111111111101111111111111111111111111111111111111111111111111111111110000000000000000000000000000000000000000000000000
000000000000000000000000111111111111111111111111111111111111111111000011111100001111111111000000000000000000000000111111111111111011111111111111011111111111111111111111111111111111111111111111111111111111000000000000000000000000000000000000000000000000
00000000000000000000000111111111111111111111111111111111111111110000001111110000011111111100000011111000000000000011111111111100011111111111111111111111111111111111111111111111111111111111111111111111111110000000000000000000000000000000000000000000000
000000000000000000000000111111111111111111111111111111111111111111000111111000000011111100000000011111000000000000111111011111100111111111111111111111111111111111111111111111111111111111111111111111111011000000000000000000000000000000000000000000000000
00000000000000000000000000111111111111111111111111111111111111111111011111110000000111111000000000111100000000000011111101111110111111111111111111111111111111111111111111111111111111111111111111111111000010000000000000000000000000000000000000000000000
000000000000000000000000000011111111111111111111111111111111111101101000011110000001111110000000000110000000000000111111011111111111111111111111111111111111111111111111111111111111111111111111111111111000000000000000000000000000000000000000000000000000
00000000000000000000000000111111111111111111111111111111111111110000000000111000000011111000000000000000000000000011111101111111111111111111111111111111111111111111111111111111111111111111111111111111110000000000000000000000000000000000000000000000000
000000000000000000000000001111111111111111111111111111111111111100001011110010000000011110000000000000000000000001111111001111111111111111111111111111111111111111111111111111111111111111111111111111111000000000000000000000000000000000000000000000000000
00000000000000000000000000011111111111111111111111111111111111110000000111100000000000111100000000000000000000000011111100111111111111111111111111111111111111111111111111111111111111111111111011011110000000000000000000000000000000000000000000000000000
000000000000000000000000000011111111111111111111111111111111111100000000111100000000000011000000000000000000000000111111100111111111111111111111111111111111111111111111111111111111111111111110011111100000000000000000000000000000000000000000000000000000
00000000000000000000000000000011110100000111111111111111111111110000000001111001000000000000000000000000000000000001111111000111111111111111111111111111111111111111111111111111111111111111111000110000000000000000000000000000000000000000000000000000000
000000000000000000000000000000111110000000111111111111111111111110000000011111011000000000000000000000000000000000001111110001111111111111111111111111111111111111111111111111111111111110000010001100000000000000000000000000000000000000000000000000000000
00000000000000000000000000000000011100000000011111111111111111111100000000111111110000000000000000000000000000100000000111000111111111111111111111111111111111111111111111111111111111111000000001110000000000000000000000000000000000000000000000000000000
000000000000000000000000000000000101000000000011111111111111111111110000000111111110000000000000000000000000000110000010110001111111111111111111111111111111111111111111111111111111111110000000011110000000000000000000000000000000000000000000000000000000
00000000000000000000000000000000110000000000000111111111111111111111110000011111111000000000000000000000000000011000001111000111111111111111111111111111111111111111111111111111111111110000000001111000000000000000000000000000000000000000000000000000000
000000000000000000000000000000011000000000000000111111111111111111111111100111111111100000000000000000000000000011000001100001111111111111111111111111111111111111111111111111111111111100000000001110000000000000000000000000000000000000000000000000000000
00000000000000000000000000000000000000000000000001111111111111111111111110011111111111000000000000000000000000010110000111011111111111111111111111111111111111111111111111111111111111111000000000111000000000000000000000000000000000000000000000000000000
000000000000000000000000000000000000000000000000101111111111111111111111110011111111111100000000000000000000000111110011111111111111111111111111111111111111111111111111111111111111111111111000000110000000000000000000000000000000000000000000000000000000
00000000000000000000000000000000000000000000000001011111111111111111111111101111111111110000000000000000000000011011101111111111111111111111111111111111111111111111111111111111111111111111100000001000000000000000000000000000000000000000000000000000000
000000000000000000000000000000000000000000000000000011111111111111111111111111111111111010000000000000000000000000111111111111111111111111111111111111111111111111111111111111111111111111111100000000000000000000000000000000000000000000000000000000000000
00000000000000000000000000000000000000000000000000001111111111111111111111111111111101101000000000000000000000000010001111111111111111111111111111111111111111111111111111111111111111111111111000000000000000000000000000000000000000000000000000000000000
000000000000000000000000000000000000000000000000000000111111111111111111111111111110100011100000000000000000000000000111111111111111111111111111111111111111111111111111111111111111111111111011000000000000000000000000000000000000000000000000000000000000
00000000000000000000000000000000000000000000000000000001111111111111111110111111111110001110000000000000000000000000111111111111111111111111111111111111111111111111111111111111111111111111101000000000000000000000000000000000000000000000000000000000000
000000000000000000000000000000000000000000000000000000001111111111111111110111111111110000110000000000000000000000000011111111111111111111111111111111111111111111111111111111111111111111111001000000000000000000000000000000000000000000000000000000000000
00000000000000000000000000000000000000000000000000000000111111111111111111100011111111111000000000000000000000000000000111111111111111101011111100111111111111111111111111111111111111111111100100000000000000000000000000000000000000000000000000000000000
000000000000000000000000000000000000000000000000000000000111111111111111111011111111101000000000000000000000000000000001111111011111110000011111011111111111111111111111111111111111111111111000100000000000000000000000000000000000000000000000000000000000
00000000000000000000000000000000000000000000000000000000011111111111111111111111111100000000000000000000000000000001111111010110011111100000011100111111111111111111111111111111111111111111100011000000000000000000000000000000000000000000000000000000000
000000000000000000000000000000000000000000000000000000000111111111111111111101111111100000000000000000000000000000001111111001011011111001100011110111111111111111111111111111111111111111100000100000000000000000000000000000000000000000000000000000000000
00000000000000000000000000000000000000000000000000000000001111111111111111111111111100000000000000000000000000000000011111000100111110111111111111101111111111111111111111111111111111111110000010000000000000000000000000000000000000000000000000000000000
000000000000000000000000000000000000000000000000000000000001111111111111111111111111000000000000000000000000000000000111110000100010110111111111111001111111111111111111111111111111111000100000010000000000000000000000000000000000000000000000000000000000
00000000000000000000000000000000000000000000000000000000000011111111111111111111111100000000000000000000000000000000001111000000111001101111111111100011111111111111111111111111111111100011000001000000000000000000000000000000000000000000000000000000000
000000000000000000000000000000000000000000000000000000000000011111111111111111111111000000000000000000000000000000000011110011111010001001111111111111111111111111111111111111111111111110011000111000000000000000000000000000000000000000000000000000000000
00000000000000000000000000000000000000000000000000000000000000111111111111111111111110000000000000000000000000000000000011111111100000011001111111111111111111111111111111111111111111110001100111100000000000000000000000000000000000000000000000000000000
000000000000000000000000000000000000000000000000000000000000000111111111111111111111000000000000000000000000000000000000111111111000000000000011111111111111111111111111111111111111111110000011100000000000000000000000000000000000000000000000000000000000
00000000000000000000000000000000000000000000000000000000000000001111111111111111111100000000000000000000000000000000000111111111111100010000001111111111111111111111111111111111111111111100001000000000000000000000000000000000000000000000000000000000000
000000000000000000000000000000000000000000000000000000000000000001011111111111111110000000000000000000000000000000000000111111111111100111101111111111111111111111111111111111111111111111100001000000000000000000000000000000000000000000000000000000000000
00000000000000000000000000000000000000000000000000000000000000000010111111111111000100000000000000000000000000000000000011111111111111111111111111111101111111111111111111111111111111111110000000000000000000000000000000000000000000000000000000000000000
000000000000000000000000000000000000000000000000000000000000000000000111111110000000100000000000000000000000000000000000111111111111111111111111111111101111111111111111111111111111111111110000000000000000000000000000000000000000000000000000000000000000
00000000000000000000000000000000000000000000000000000000000000000000101111111000000011100000000000000000000000000000000111111111111111111111111111111111011111111111111111111111111111111111000000000000000000000000000000000000000000000000000000000000000
000000000000000000000000000000000000000000000000000000000000000000000010111110000000000000000000000000000000000000000001111111111111111111111111101111111001000001111111111111111111111111101000000000000000000000000000000000000000000000000000000000000000
00000000000000000000000000000000000000000000000000000000000000000000000101111100000000000000000000000000000000000000000111111111111111111111111110011111111110000011111111111111111111111110100000000000000000000000000000000000000000000000000000000000000
000000000000000000000000000000000000000000000010000000000000000000000000001111000000101100000000000000000000000000000001111111111111111111111111111011111111110000011111111111111111111111000000000000000000000000000000000000000000000000000000000000000000
00000000000000000000000000000000000000000000000010000000000000000000000000111110001100001100000000000000000000000000000011111111111111111111111111101111111111000000011111111001111111101000000000000000000000000000000000000000000000000000000000000000000
000000000000000000000000000000000000000000000000010000000000000000000000000011110011000000001100000000000000000000000000111111111111111111111111111100111111110000000011111100000111111010000000000000000000000000000000000000000000000000000000000000000000
00000000000000000000000000000000000000000000000000000000000000000000000000000011111100000000000000000000000000000000000001111111111111111111111111111001111110000000001111100000011111110000001100000000000000000000000000000000000000000000000000000000000
000000000000000000000000000000000000000000000000000000000000000000000000000000001011111000000000000000000000000000000000011111111111111111111111111111001111000000000001111000000011111110000001000000000000000000000000000000000000000000000000000000000000
00000000000000000000000000000000000000000000000000000000000000000000000000000000000011110000000000000000000000000000000000111111111111111111111111111111111000000000000011100000000011111100000010000000000000000000000000000000000000000000000000000000000
000000000000000000000000000000000000000000000000000000000000000000000000000000000000001100000010000000000000000000000000001111111111111111111111111111111000000000000000011100000000010111100000101000000000000000000000000000000000000000000000000000000000
00000000000000000000000000000000000000000000000000000000000000000000000000000000000000011000011111110000000000000000000000001111111111111111111111111111111110000000000000110000000001001100000001100000000000000000000000000000000000000000000000000000000
000000000000000000000000000000000000000000000000000000000000000000000000000000000000000001010111111110000000000000000000000001111111111111111111111111111111110000000000000110000000001001000000001100000000000000000000000000000000000000000000000000000000
00000000000000000000000000000000000000000000000000000000000000000000000000000000000000000001111111111110000000000000000000000011111111111111111111111111111111000000000000000100000000010000000000111000000000000000000000000000000000000000000000000000000
000000000000000000000000000000000000000000000000000000000000000000000000000000000000000000000111111111111100000000000000000000011111100111111111111111111111110000000000000000000000000010000000100010000000000000000000000000000000000000000000000000000000
00000000000000000000000000000000000000000000000000000000000000000000000000000000000000000000001111111111111000000000000000000000000000001011111111111111111111000000000000000000000000101100000110000000000000000000000000000000000000000000000000000000000
000000000000000000000000000000000000000000000000000000000000000000000000000000000000000000000011111111111111000000000000000000000000000000011111111111111111110000000000000000000000000111100011110000000000000000000000000000000000000000000000000000000000
00000000000000000000000000000000000000000000000000000000000000000000000000000000000000000000011111111111111110000000000000000000000000000001111111111111111100000000000000000000000000000110001111011101000000000000000000000000000000000000000000000000000
000000000000000000000000000000000000000000000000000000000000000000000000000000000000000000000111111111111111111100000000000000000000000000011111111111111111000000000000000000000000000000110011111111000110000000000000000000000000000000000000000000000000
00000000000000000000000000000000000000000000000000000000000000000000000000000000000000000000000111111111111111111100000000000000000000000000111111111111111100000000000000000000000000000001100111101000101111100000000000000000000000000000000000000000000
000000000000000000000000000000000000000000000000000000000000000000000000000000000000000000000011111111111111111111111000000000000000000000000011111111111111000000000000000000000000000000001100000000100000111111000100000000000000000000000000000000000000
00000000000000000000000000000000000000000000000000000000000000000000000000000000000000000000000111111111111111111111110000000000000000000000001111111111111100000000000000000000000000000000001000000000000010011111100100000000000000000000000000000000000
000000000000000000000000000000000000000000000000000000000000000000000000000000000000000000000000111111111111111111111110000000000000000000000001111111111111100000000000000000000000000000000001111000000000000111110000010000000000000000000000000000000000
00000000000000000000000000000000000000000000000000000000000000000000000000000000000000000000000001111111111111111111111000000000000000000000000011111111111110000000000000000000000000000000000000000000100000000100100000100000000000000000000000000000000
000000000000000000000000000000000000000000000000000000000000000000000000000000000000000000000000001111111111111111111110000000000000000000000000011111111111110000000000000000000000000000000000000000000000010000100000000000000000000000000000000000000000
00000000000000000000000000000000000000000000000000000000000000000000000000000000000000000000000000011111111111111111111000000000000000000000000001111111111111100001000000000000000000000000000000000000000011110010000000000000000000000000000000000000000
000000000000000000000000000000000000000000000000000000000000000000000000000000000000000000000000000011111111111111111110000000000000000000000000011111111111111100010000000000000000000000000000000000000001011100011000000000000000000000000000000000000000
00000000000000000000000000000000000000000000000000000000000000000000000000000000000000000000000000000111111111111111111000000000000000000000000001111111111111110011100000000000000000000000000000000000001111111001100000000000100000000000000000000000000
000000000000000000000000000000000000000000000000000000000000000000000000000000000000000000000000000000011111111111111111000000000000000000000000001111111111111000111000000000000000000000000000000000000011111111111100000000000000001000000000000000000000
00000000000000000000000000000000000000000000000000000000000000000000000000000000000000000000000000000000111111111111111100000000000000000000000000011111111111000001100000000000000000000000000000000000001111111111111000000000000000000000000000000000000
000000000000000000000000000000000000000000000000000000000000000000000000000000000000000000000000000000000111111111111111000000000000000000000000000111111111111000011100000000000000000000000000000000001111111111111111100000001000000000000000000000000000
00000000000000000000000000000000000000000000000000000000000000000000000000000000000000000000000000000000011111111111111100000000000000000000000000001111111111100001110000000000000000000000000000000001111111111111111111000000000000000000000000000000000
000000000000000000000000000000000000000000000000000000000000000000000000000000000000000000000000000000000011111111111110000000000000000000000000000001111111111100001100000000000000000000000000000000001111111111111111111000000000000000000000000000000000
00000000000000000000000000000000000000000000000000000000000000000000000000000000000000000000000000000000001111111111110000000000000000000000000000000011111111100000010000000000000000000000000000000000111111111111111111110000000000000000000000000000000
000000000000000000000000000000000000000000000000000000000000000000000000000000000000000000000000000000000001111111111100000000000000000000000000000000011111111100000000000000000000000000000000000000000111111111111111111110000000000000000000000000000000
00000000000000000000000000000000000000000000000000000000000000000000000000000000000000000000000000000000000111111111110000000000000000000000000000000001111111110000000000000000000000000000000000000000011111111111111111111000000000000000000000000000000
000000000000000000000000000000000000000000000000000000000000000000000000000000000000000000000000000000000001111111111100000000000000000000000000000000001111111100000000000000000000000000000000000000000011111111111111111111000000000000000000000000000000
00000000000000000000000000000000000000000000000000000000000000000000000000000000000000000000000000000000000011111111110000000000000000000000000000000000011111110000000000000000000000000000000000000000000111111111111111111100000000000000000000000000000
000000000000000000000000000000000000000000000000000000000000000000000000000000000000000000000000000000000000111111111100000000000000000000000000000000000011111000000000000000000000000000000000000000000000111100000111111111000000000000000000000000000000
00000000000000000000000000000000000000000000000000000000000000000000000000000000000000000000000000000000000011111111110000000000000000000000000000000000000100000000000000000000000000000000000000000000000011000000001111111100000000000000000000000000000
000000000000000000000000000000000000000000000000000000000000000000000000000000000000000000000000000000000000011111111000000000000000000000000000000000000000000000000000000000000000000000000000000000000000000000000000111111000000000000100000000000000000
00000000000000000000000000000000000000000000000000000000000000000000000000000000000000000000000000000000000001111111100000000000000000000000000000000000000000000000000000000000000000000000000000000000000000000000000001111110000000000001000000000000000
000000000000000000000000000000000000000000000000000000000000000000000000000000000000000000000000000000000000011111111000000000000000000000000000000000000000000000000000000000000000000000000000000000000000000000000000000101000000000000001100000000000000
00000000000000000000000000000000000000000000000000000000000000000000000000000000000000000000000000000000000000111111000000000000000000000000000000000000000000000000000000000000000000000000000000000000000000000000000000000000000000000000100000000000000
000000000000000000000000000000000000000000000000000000000000000000000000000000000000000000000000000000000000001111110000000000000000000000000000000000000000000000000000000000000000000000000000000000000000000000000000000001000000000000010100000000000000
00000000000000000000000000000000000000000000000000000000000000000000000000000000000000000000000000000000000000111111000000000000000000000000000000000000000000000000000000000000000000000000000000000000000000000000000000000011000000000001100000000000000
000000000000000000000000000000000000000000000000000000000000000000000000000000000000000000000000000000000000000011110000000000000000000000000000000000000000000000000000000000000000000000000000000000000000000000000000000000010000000000011000000000000000
00000000000000000000000000000000000000000000000000000000000000000000000000000000000000000000000000000000000000011111000000000000000000000000000000000000000000000000000000000000000000000000000000000000000000000000000000000000000000000011100000000000000
000000000000000000000000000000000000000000000000000000000000000000000000000000000000000000000000000000000000000011110000000000000000000000000000000000000000000000000000000000000000000000000000000000000000000000000000000000000000000000111000000000000000
00000000000000000000000000000000000000000000000000000000000000000000000000000000000000000000000000000000000000001111100000000000000000000000000000000000000000000000000000000000000000000000000000000000000000000000000000000000000000000000000000000000000
000000000000000000000000000000000000000000000000000000000000000000000000000000000000000000000000000000000000000011111000000000000000000000000000000000000000000000000000000000000000000000000000000000000000000000000000000000000000000000000000000000000000
00000000000000000000000000000000000000000000000000000000000000000000000000000000000000000000000000000000000000000111100000000000000000000000000000000000000000000000000000000000000000000010000000000000000000000000000000000000000000000000000000000000000
000000000000000000000000000000000000000000000000000000000000000000000000000000000000000000000000000000000000000001111000000000000000000000000000000000000000000000000000000000000000000000000000000000000000000000000000000000000000000000000000000000000000
00000000000000000000000000000000000000000000000000000000000000000000000000000000000000000000000000000000000000000011100001100000000000000000000000000000000000000000000000000000000000000000000000000000000000000000000000000000000000000000000000000000000
000000000000000000000000000000000000000000000000000000000000000000000000000000000000000000000000000000000000000000011100000000000000000000000000000000000000000000000000000000000000000000000000000000000000000000000000000000000000000000000000000000000000
00000000000000000000000000000000000000000000000000000000000000000000000000000000000000000000000000000000000000000001111000000000000000000000000000000000000000000000000000000000000000000000000000000000000000000000000000000000000000000000000000000000000
000000000000000000000000000000000000000000000000000000000000000000000000000000000000000000000000000000000000000000000111000000000000000000000000000000000000000000000000000000000000000000000000000000000000000000000000000000000000000000000000000000000000
00000000000000000000000000000000000000000000000000000000000000000000000000000000000000000000000000000000000000000000000100000000000000000000000000000000000000000000000000000000000000000000000000000000000000000000000000000000000000000000000000000000000
1 1
1 2
1 3
1 4